16194,29807
53267,58328
16014,33382
74191,75835
7624,9018
34194,42843
52774,53267
1324,47930
62898,78517
19153,58328
18867,33367
47930,89567
48671,95405
8296,30251
7624,74191
33367,53267
53267,62898
47113,58649
66327,100549
52495,99904
7624,36825
47113,47930
74191,99847
16194,55105
9018,75835
3584,58249
33756,47113
37278,85467
51237,52774
7624,88887
53267,96625
19153,94019
38031,58328
15039,74191
25740,74191
10583,18867
13029,70292
8002,74191
16014,53267
33367,47728
16014,62898
51237,53267
47930,79887
30251,96076
16014,19153
46365,82715
16194,80001
18867,52774
47930,87445
37207,47930
47113,90660
47930,96076
85467,101404
63260,91352
1789,7624
14985,30251
33146,96625
414,4346
44551,73538
13752,66759
50547,68131
81963,83313
10583,99433
31777,73538
10583,72733
47930,50547
9018,85467
22876,101404
42741,55105
16014,78517
10583,74191
12896,29794
18867,34828
19153,53267
64421,96625
48992,82715
29807,74191
78517,94019
10583,67675
38299,81963
7624,58328
77807,101404
33367,52774
20789,74191
36042,85467
12835,18867
20444,77807
15039,67675
42741,100079
47930,102559
18867,34194
7624,94428
11108,29807
47930,101404
18867,91352
6545,15715
17470,56383
47930,94828
80239,91158
47113,73538
7873,91352
10583,72733
10583,16194
68324,94019
52612,96625
35419,50547
81963,94019
33367,89567
7873,12835
33367,65240
74191,100079
49870,96076
57355,72087
9018,74191
30251,87445
58328,85467
37359,47930
47113,98668
414,16194
53267,70718
16361,68862
47113,58649
19153,81963
91158,91352
74191,94019
82715,83057
16014,81963
12039,63974
33246,70718
47930,93451
62898,71374
7624,31819
18867,44232
13621,49651
10583,33367
42122,43039
47930,63689
42843,94019
47930,87445
7849,18867
94019,100079
68875,78517
47930,102559
15039,46365
43039,94019
83313,96076
1324,91352
414,78446
46937,47930
12039,33756
7624,85467
67675,78269
33756,35855
42122,78517
18867,42122
414,46365
12835,18867
42122,85467
33146,36825
47113,72388
7624,72733
9018,79446
18867,102559
30251,87445
70292,94019
52774,85467
10583,53267
16194,53267
10583,38031
68875,102559
18867,52774
34361,68131
9018,58328
20444,62898
61541,74191
10583,52774
42122,91158
7624,72733
51237,53267
58328,92030
33756,73538
19153,74191
30313,58328
81459,94019
53267,78517
20444,74191
38393,47113
34194,86157
49870,96076
9018,61541
47930,63689
66759,67613
29807,46365
59757,76985
10583,38031
16194,38031
11368,74357
47930,75289
68324,70718
63990,73960
11368,50547
33756,50357
9018,68102
47113,100549
782,46365
19153,43039
58328,96625
16194,78517
19153,68324
63689,86736
16194,18867
1324,90660
16361,85467
47930,78973
32870,55105
20789,61541
53267,102559
37166,81963
33653,81963
15715,66327
20444,68875
63689,73538
29807,30313
37359,68131
13621,49651
53267,74191
489,32557
37166,100951
18867,78517
5450,11389
47930,80239
98624,103532
18867,62898
7624,102678
36825,53267
12039,73538
47930,68131
47113,54679
42843,55236
74191,85467
33756,68131
70292,78517
7624,61541
31819,79446
9772,30396
75899,85467
9018,53267
1324,47113
12896,47113
58328,92016
53267,68324
38299,74191
47930,78030
52774,102559
7873,62898
81963,101404
86371,91158
12896,90660
414,15039
414,68324
18867,70292
36383,91580
54720,68875
414,78446
29807,67675
46553,85467
11304,17470
16014,78517
7624,94607
33756,46937
3584,74896
74191,81963
33367,78517
30313,36825
58328,61877
33756,35419
78517,81963
27707,94019
33367,100079
74191,92164
47761,47930
35419,85467
26563,33756
10233,47113
30313,36825
53267,99433
50436,53267
37166,100951
58328,92030
18867,99433
83313,100079
33756,67877
9018,31819
414,82715
7624,53267
12896,47930
7624,58328
52774,68875
29807,57355
74191,88887
68324,100951
33367,75289
70292,81963
6545,96076
38703,47113
35419,53267
74191,78269
21638,29807
30439,47930
16194,97494
32870,55105
13926,69097
9772,78517
38894,47113
81963,84848
19153,47930
33367,79725
38031,99433
20444,53267
16194,18867
18867,71374
33367,99433
7873,20444
94019,100079
68324,100079
47930,73538
33246,58328
7873,71374
35419,51237
47930,77807
68102,93603
13752,66759
33756,51237
30251,48671
10583,16194
63974,98688
47930,67877
77399,90660
414,44623
22876,101404
414,16194
52495,99904
13029,79039
101357,103454
9873,33756
81459,94019
29807,38031
63689,91352
55064,73538
12039,101288
74191,82715
50547,101404
36825,37278
30251,33756
2741,58328
78973,91158
47930,78517
9915,20063
18867,47930
30130,94019
33756,98688
50547,96076
30439,47930
66327,73538
10583,78517
81963,90297
36825,79446
47930,70292
7624,31819
63689,87445
32672,100079
1324,63689
54720,89493
36383,37177
53267,85467
70718,96625
66759,81963
14667,37177
33756,89493
50459,60183
58328,70718
47930,82183
38894,78973
26563,33756
53267,75835
20444,78269
38299,74191
15039,33146
61541,88887
8002,15039
58328,74191
56569,94019
33367,75289
36383,47195
47113,98668
10583,70292
47113,63689
2741,81963
12039,47113
414,34006
85467,91352
9018,88887
78517,96625
38031,80001
30251,47930
18867,51237
36422,58328
33146,94055
30525,55033
7873,53267
16014,94019
47930,96076
47930,81963
31777,102569
70292,77807
20444,54720
47113,54679
32934,46528
16014,18867
46365,67675
17470,34361
10583,99433
38703,47113
24653,37278
33367,84088
7624,10583
28634,50547
18867,81963
30251,47113
68131,100549
414,68324
50547,96076
63689,66327
47930,63260
18867,61934
18867,70292
18867,64421
56952,82715
9772,53267
78517,102559
15162,47930
58328,92016
26563,47113
58328,94607
81963,84597
37359,91158
73745,85467
414,3822
13752,81963
36383,81963
10583,20444
47930,58328
47930,90660
36825,58328
33246,70718
12039,63974
47930,91352
47930,52774
63990,73960
33146,50436
9772,84870
37359,91158
20789,61541
16194,38031
47113,68345
10583,63689
30251,47113
19153,83313
58328,87449
17470,34361
33146,100079
61541,74191
19153,35419
36383,54148
