15039,61441
53267,58328
74191,75835
50436,53267
63974,101288
7624,9018
30251,66680
9772,33367
10583,52774
51237,83313
52774,53267
73745,77807
48992,81963
7624,74191
33367,53267
53267,62898
66327,100549
51237,68875
35419,47113
52495,99904
47113,47930
74191,99847
16194,55105
9018,75835
33367,72733
3584,58249
33756,47113
101357,103454
64421,96625
30251,61925
29807,55105
29807,55105
78517,96625
30251,101404
34006,67675
8002,29807
51237,52774
7624,9018
7624,88887
47113,85467
9018,16793
53267,96625
50357,72388
63974,73569
33146,64421
70718,96625
33146,34828
32306,53267
25740,74191
28634,30251
13029,70292
33367,86371
14944,30251
20677,63689
61934,91158
452,9018
33367,47728
63689,70292
81963,91158
18867,71374
18867,50436
46365,82715
33367,62898
13752,98995
16194,80001
47728,72733
16014,81963
47930,87445
12896,68131
58328,70718
32306,51237
47113,90660
68159,81963
414,46365
18388,98688
7873,52774
33756,77778
783,15715
1789,7624
13752,80239
59637,91158
9772,84870
20444,58328
9772,21638
78517,94019
7624,75835
9018,93603
32672,100079
33367,64421
33146,96625
29807,36825
7624,54549
51237,91352
44551,73538
38894,47930
13752,66759
50547,68131
31819,36825
56569,74191
81963,83313
10583,99433
47930,50547
9018,85467
56569,74191
22876,101404
9018,93603
10583,74191
33367,91158
18867,34828
33367,79725
20677,35419
12835,85467
20677,47930
26866,33367
48992,82715
29807,68324
58328,68324
51234,81963
12209,16194
7624,58328
82247,93603
9772,33367
73538,98668
36042,85467
12835,18867
34361,100079
33756,98668
20444,77807
15039,67675
42741,100079
15715,63689
9772,10583
18867,34194
91158,94019
74191,78269
31777,102569
31819,44327
47930,101404
73569,100549
20677,73745
9018,10132
46365,70718
20789,32557
1324,47930
31819,46365
46365,49457
6545,15715
7624,20444
16014,94019
26866,70292
15715,49459
47113,73538
7873,91352
10583,72733
50918,63689
10583,16194
56569,94019
20444,35227
68324,94019
7624,102678
36960,94019
42122,53267
20444,52774
33367,89567
7873,12835
74191,100079
29807,33146
16014,19153
49870,96076
1789,7624
30251,87445
58328,85467
37359,47930
20164,77807
2741,74191
414,16194
53267,70718
81963,86371
16361,68862
47113,58649
80346,93515
31819,70718
9018,37278
84848,94019
74191,94019
41263,47930
8002,20444
37207,47930
18867,33146
6545,63974
52317,85467
71303,97494
33246,70718
5450,11389
33367,47113
1324,20164
71303,75160
7624,54549
10583,33367
3822,74191
8002,33146
51234,94019
47930,63689
42843,94019
18867,71303
414,67675
10583,67675
20677,52381
47930,52381
94019,100079
56569,83313
68875,78517
33367,42122
47930,102559
62898,71374
16194,46365
47930,98668
1324,91352
414,78446
89567,91158
47930,73569
53267,82603
85093,87011
33756,35855
9772,78973
37278,96625
378,103532
47113,72388
96076,101404
16194,29807
6545,15715
7624,72733
33756,68824
30251,87445
52774,85467
8002,72733
13029,20164
37177,99245
78269,85467
47113,68875
74191,87234
33146,100079
58328,91947
18867,52774
16194,74191
81963,101404
12039,47113
9018,58328
20444,62898
61541,74191
67675,68324
63689,77807
82715,96625
7624,72733
27839,103454
33756,101404
53267,91158
51237,53267
1401,33756
414,83057
13029,101404
10583,93718
33756,73538
10612,85467
81459,94019
47930,100549
53267,78517
20444,74191
33756,100549
38393,47113
30722,47930
7873,52774
9018,61541
75289,79725
51237,101404
16014,53267
47930,63689
66759,67613
10583,38031
58328,88887
47930,100079
8002,46365
11368,74357
19153,100079
47930,75289
63990,73960
33756,50357
9018,68102
47113,100549
782,46365
12452,34361
58328,96625
16194,78517
22863,47930
51237,78517
63689,86736
47930,64421
1324,90660
36383,54148
13926,69097
47930,78973
71303,97494
32870,55105
47930,50357
20789,61541
36383,81963
30251,47930
9772,44232
18867,82603
29807,70718
12039,101288
64421,70718
74191,78517
414,34006
47930,63974
15715,66327
20444,68875
9772,52774
16361,70718
4650,70718
13621,49651
23896,47930
53267,74191
51237,56569
489,32557
18867,30059
31819,46365
18867,78517
20444,30059
70718,74191
18867,62898
7624,102678
53267,79725
36825,53267
33756,73569
16508,98295
78517,100079
47930,68131
36825,70292
36825,70718
35419,47930
16014,56569
82715,84062
7624,61541
31819,79446
33756,47930
49617,53267
53267,100079
9772,30396
20444,67675
1324,47113
10583,33367
12896,47113
41263,51570
10583,15039
15039,16194
9018,70718
36383,37177
58328,92016
53267,68324
36825,66310
38299,74191
68324,70718
33367,63689
7873,62898
7624,35419
33146,47930
17470,61280
12896,90660
44327,70718
78517,91158
36383,91580
54720,68875
414,78446
9772,55105
46553,85467
12039,98688
11304,17470
47930,74399
29807,30313
7624,94607
33367,52774
34361,91158
47930,75289
7624,67675
33756,46937
15039,55105
3584,74896
74191,81963
46192,90660
64421,78517
58328,61877
33756,35419
18867,94019
68875,85467
53267,71374
78517,81963
27707,94019
63260,63689
74191,92164
29807,96625
50547,90660
36825,79446
53267,78973
47930,63260
17098,92295
8002,33367
19216,53267
10233,47113
61934,100079
53267,99433
37166,100951
15162,70718
34006,94019
18867,99433
34194,97494
18867,30059
83313,100079
33756,67877
18867,35419
414,15039
9018,31819
13752,100079
32306,78973
12896,47930
37359,68131
12896,33756
10583,90660
7624,70718
8002,53267
47930,85467
33756,50357
29807,58328
15039,29807
91352,102559
30251,33756
29807,57355
13029,77807
49459,74624
33367,75289
70292,81963
6545,96076
4650,9018
18867,47930
38703,47113
33756,63974
35419,53267
22983,63689
74191,78269
21638,29807
30439,47930
47930,53267
16014,78973
15039,74191
68324,74191
9772,78517
9772,34194
35419,70718
18867,20444
81963,84848
19153,47930
33367,79725
12452,47930
12452,34361
7716,35811
20444,53267
16194,18867
18867,71374
9772,100079
33367,99433
32557,61541
36422,58328
7873,20444
61541,88887
9018,79446
33756,102010
94019,100079
68324,100079
47930,73538
24950,66327
9772,42741
47930,77807
68102,93603
27707,94019
18867,19153
47930,67877
77399,90660
33756,85467
9018,15039
9018,70718
22876,101404
77807,85467
73569,90660
33367,72733
9772,70292
52495,99904
2826,58328
9873,33756
63689,91352
7624,70292
9772,30059
50547,101404
36825,37278
43039,53267
30251,33756
10583,74191
47113,91158
53267,77807
47930,78517
63689,66310
20444,33367
18867,47930
38031,85467
8296,72380
51234,100079
50547,96076
44551,63689
10583,36825
9772,78973
63801,96625
20444,81963
36825,79446
68131,90660
47930,70292
18867,85467
63689,87445
33756,36383
1324,63689
66759,83080
37359,53267
54720,89493
33146,61934
36960,81963
19819,33756
47930,78030
66759,81963
51237,77807
32306,47930
14667,37177
33756,89493
70292,85467
61055,91352
20677,66327
50459,60183
58328,70718
38894,78973
78269,101404
69680,74191
18867,53267
20164,82603
53267,75835
20444,78269
54720,63974
61541,88887
47930,91158
47930,91352
56569,94019
58328,74191
33146,64421
16194,34828
47113,98668
7624,94428
47113,63689
62898,99433
18867,79226
15039,61877
414,29807
50357,72388
20029,94428
66759,98995
38031,80001
7716,35811
47930,93451
29807,34006
68862,70718
9018,16361
6545,17470
30251,47930
18867,51237
63689,90660
30525,55033
35419,81963
7873,53267
16014,94019
18867,91352
26563,90660
9018,74191
9772,33146
15039,20444
20677,35419
20444,54720
47113,54679
34828,78517
46528,49457
16014,18867
9018,18382
46365,67675
17470,34361
7624,96177
24653,37278
66759,84848
78973,91158
44327,58328
33756,73538
7624,10583
68875,75289
75835,81963
16361,77858
32557,61541
32546,47930
68131,100549
74191,88887
414,68324
53267,67675
61934,78517
63689,66327
7873,18867
18867,61934
33756,35855
91352,99433
18867,64421
9772,53267
53267,61934
27707,74191
5353,42741
52432,53267
20444,91947
58328,94607
36825,96625
414,3822
7873,78517
66759,85267
10583,20444
70718,92030
7873,18867
47930,58328
47930,90660
47930,50436
36825,58328
30251,72380
46365,58328
33246,70718
9772,97494
18867,91158
33146,36825
33367,67675
20789,61541
16194,38031
70718,92030
47113,50357
47113,68345
10583,63689
30251,47113
19153,100951
6545,89023
7624,10583
12039,98688
53267,68875
23896,52381
2826,70718
38299,82715
43129,56268
